a: 0.10937836292454978
b: 0.10937836292454987
c: 0.10937836292454983
f(a): -3.552713678800501e-15
f(b): 3.552713678800501e-15
f(c): 3.552713678800501e-15
iteracoes: 96