Centrada: 0.35000000000000003
Retardada: 0.13999999999999999
Avancada: 0.6799999999999999
