c: 0.10937836291978205
f(c): -5.631051180898794e-11
iteracoes: 6