a: 0.1093780517578125
b: 0.10937881469726562
c: 0.10937843322753907
f(a): -3.675207853603979e-06
f(b): 5.335978865872448e-06
f(c): 8.303576919388433e-07
iteracoes: 20