c: 0.10937836292456886
f(c): 2.2737367544323206e-13
iteracoes: 8